2027452
2028554
2028864
2028866
2032276
2078051
2079403
2092914
2115168
2121546
2124261
2160329
2160841
2183461
2207559
2207566
2229593
2251389
2251399
2251419
2251437
2251481
2251487
2251489
2259922
2264397
2264403
2265906
2267960
2269638
2269707
2271195
2277947
2279986
2281679
2284162
2284171
2284179
2284692
2284695
2284697
2286198
2288608
2288613
2288621
2288931
2288953
2289078
2289158
2289161
2289162
2289163
2289169
2289187
2290570
2292970
2293194
2293211
2293386
2293422
2293428
2294255
2296011
2296199
2305420
2315011
2316074
2320113
2328360
2344875
2344893
2344911
2344993
2345000
2345009
2345015
2345017
2345035
2345043
2345088
2345212
2345304
2345316
2345322
2346298
2346411
2347290
2360131
2360937
2378111
2385678
2387149
2393802
2405882
2407132
2409055
2412048
2412687
2413272
2413304
2413381
2416400
2416447
2416451
2416468
2416469
2416470
2416471
2416472
2416473
2416474
2418042
2418240
2418241
2418933
2419632
2419635
2419640
2422343
2422352
2422398
2423089
2423930
2424434
2425227
2431831
2433089
2433584
2433585
2434711
2434733
2434737
2436673
2440591
2442962
2443105
2446704
2446708
2446709
2446710
2447961
2449741
2449742
2451858
2451879
2451910
2454823
2455005
2456849
2464583
2464588
2464594
2464617
2464623
2464635
2466146
2466156
2466158
2466169
2475792
2476490
2476511
2476512
2476687
2478656
2478657
2478658
2478659
2478660
2478661
2478662
2478663
2478935
2478953
2478960
2478971
2479628
2479943
2481109
2482017
2483185
2483614
2483618
2483619
2484015
2485376
2485663
2487367
2489256
2489283
2489293
2489979
2491683
2493523
2493987
2494001
2494007
2494022
2494047
2494086
2494088
2494089
2494094
2494096
2494100
2494112
2494113
2494120
2494123
2494132
2496930
2497640
2500170
2502786
2502898
2503658
2503665
2505924
2505927
2505935
2506212
2506223
2507618
2507938
2508062
2508272
2508429
2508964
2508965
2509461
2509488
2509503
2509553
2510030
2510061
2510065
2510531
2510581
2510587
2511455
2512827
2514666
2514842
2518295
2518863
2518864
2518865
2518866
2518867
2518869
2518870
2519975
2519984
2520047
2520426
2522482
2522483
2522484
2522485
2523021
2524426
2525412
2525694
2525835
252694
2527308
252795
2530095
2530548
2532531
2535512
2535802
2535812
2535818
2536275
2536276
2537146
2538814
2539631
2539633
2539634
2539635
2539636
2540162
2541003
2541007
2541012
2541015
2541025
2543893
2544521
2544641
2544893
2545814
2546250
2546869
2548826
2552997
2552998
2552999
2553001
2553002
2553003
2553005
2553008
2553009
2553010
2553070
2553072
2553073
2553074
2553075
2553084
2553089
2553090
2553091
2553093
2553094
2553095
2553096
2553147
2553154
2553164
2553185
2553194
2553219
2553260
2553284
2553298
2553306
2553313
2553322
2553332
2553365
2553371
2553402
2553405
2553407
2553408
2553413
2553424
2553428
2553431
2553432
2553447
2553488
2553491
2553501
2555784
2555785
2555786
2555787
2555917
2556532
2559049
2560656
2560847
2560890
2560978
2561109
2562485
2563894
2564958
2565063
2566220
2566445
2566449
2566454
2566456
2566954
2566958
2566960
2567053
2567680
2567943
2567951
2570222
2570947
2571621
2572066
2572067
2572069
2572073
2572075
2572076
2572077
2572078
2578230
2578757
2579115
2579597
2579598
2579599
2579686
2579692
2584052
2584063
2584066
2584146
2585542
2586448
2587505
2587634
2588516
2589280
2589288
2589320
2589322
2589325
2589337
2589361
2589365
2589382
2590602
2592799
2596511
2596595
2596614
2596615
2596650
2596663
2596666
2596670
2596672
2596679
2596705
2596741
2596744
2596754
2596760
2596763
2596764
2596770
2596785
2596786
2596792
2596804
2596810
2596812
2596825
2596842
2596843
2596856
2596857
2596861
2596871
2596880
2596902
2596904
2596911
2596915
2596917
2596927
2596942
2596954
2597086
2597112
2597124
2597126
2597161
2597162
2597166
2597170
2597969
2597971
2597973
2597974
2597975
2597981
2597986
2598039
2598041
2598185
2598237
2598239
2598243
2598244
2598253
2598332
2598361
2598479
2598781
2598782
2598783
2598785
2601626
2603381
2604042
2604044
2604078
2604092
2604094
2604105
2604110
2604111
2604114
2604115
2604121
2604926
2604930
2605295
2607664
2607670
2607702
2616310
2617657
2617986
2618444
2618451
2619339
2619340
2620704
2620712
2621146
2621440
2623699
2624667
2626416
2628642
2630837
2631813
2633171
2633870
2633873
2633874
2633879
2633880
2636391
2636927
2638420
2638806
2639142
2639185
2639417
263968
2640045
2640241
2641426
2641653
2643584
2643719
2644347
2644354
2644358
2644615
2644980
2645025
2645410
2645640
2646524
2647170
2647488
2647490
2647516
2647540
2648048
2649261
2649262
2650885
2651018
2651019
2651026
2652016
2653956
2654428
2655547
2655992
2656351
2656352
2656353
2656355
2656356
2656358
2656362
2656368
2656369
2656370
2656372
2656373
2656374
2656376
2656378
2656405
2656407
2656409
2656410
2656411
2657424
2658674
2658676
2658677
2658846
2659262
2660465
2660649
2661637
2663510
2663830
2663841
2663860
2664258
2665346
2665351
2665364
2667402
2667724
2667725
2667727
2667730
2668562
2669970
2671387
2671605
2675064
2675157
2676562
2680317
2680326
2680352
2681578
268477
2685939
2686509
2686827
2686828
2686830
2686831
2686833
2687276
2687307
2687309
2687311
2687313
2687314
2687315
2687323
2687324
2687356
2687401
2687402
2687405
2687406
2687409
2687412
2687413
2687417
2687418
2687421
2687422
2687423
2687424
2687434
2687435
2687436
2687439
2687440
2687441
2687481
2687483
2687485
2687497
2687499
2687505
2688338
2688865
2690533
2690729
2691442
2693282
2693283
2693777
2695502
2696031
2698023
2698032
2698035
2698365
2699988
2702444
2705219
2706045
2706726
2706738
2707511
2707956
2707960
2708437
2708940
2708941
2708980
2709100
2709162
2709715
2710639
2711167
2711207
2711239
2712808
2716389
2716390
2716392
2716393
2716427
2716429
2716433
2716434
2716435
2716436
2716438
2716442
2716513
2718523
2719033
2719177
2719584
2719985
2720184
2720573
2721015
2721642
2721691
2721693
2722479
2722913
2723135
2724197
2726382
2726384
2726388
2726391
2726958
2727528
2729449
2729450
2729451
2729452
2729453
2729460
2729462
2731847
2731879
2733594
2733631
2733829
2733918
2736416
2736418
2736422
2736428
2736693
2737019
2737083
2737084
2737969
2737989
2740358
2741517
2741528
2742319
2742321
2742595
2742596
2742597
2742598
2742599
2742601
2742604
2742607
2742613
2742614
2742616
2743555
2744285
2744842
2745030
2746157
2748552
2752002
2752096
2753596
2753842
2754670
2754849
2756145
2756473
2756485
2756496
2756497
2756872
2756918
2756919
2756920
2756921
2756923
2757638
2758694
2758696
2758857
2760236
2760272
2760361
2760405
2760406
2760408
2760410
2760411
2760412
2760415
2760416
2760420
2760421
2760494
2760497
2760498
2760508
2760554
2760561
2760574
2760583
2760585
2760588
2760589
2760590
2760591
2760594
2760595
2760597
2760600
2760755
2760762
2760769
2760777
2760781
2760823
2761226
2761451
2761465
2764047
2764048
2765809
2767772
2767773
2767913
2767915
2768005
2768017
2769324
2769327
2769369
2770660
2772930
2778344
2778930
2779030
2780091
2780176
2780642
2781197
2783534
2783850
2784126
2784242
2785220
2785908
2787763
2789642
2789643
2789644
2789645
2789646
2789648
2789649
2789650
2790113
2790655
2790978
2792100
279328
279336
2794707
2797052
2799329
2799494
2800277
2801109
280119
2801261
2802968
2803821
2804576
2804577
2804579
2804580
2804582
2804583
2804584
2807986
2808735
2809182
2809243
2809279
2809289
2810009
2810046
2810047
2810048
2810059
2810061
2810062
2810067
2810068
2810069
2810073
2810083
281297
2813170
2813345
2813347
2813682
2813707
2814124
2816264
2817183
2817305
2817315
2817330
2817361
2817372
2817384
2817393
2817421
2817449
2817452
2817465
2817474
2817478
2817480
2817565
2817623
2817641
2817670
2817682
2817683
2820917
282132
2821818
2823482
2825621
2825644
2825645
2825999
2826020
2826022
2826023
2826028
2826029
2826030
2826033
2826035
2826036
2827222
2827224
2827238
2827324
2827326
2827327
2827328
2827329
2827330
2827663
2827750
2827751
2827752
2827753
2827754
2828223
2829254
2829361
2829530
2829996
283001
2830290
2830397
2830399
2830914
2832407
2832411
2832412
2832414
2832418
2833940
2833941
2833946
2833947
2833949
2833951
2833957
2833958
2833959
2834052
2834692
2834695
2834886
2834902
2834903
2834904
2834905
2835361
2835364
2835393
2835622
2836440
2837577
2837588
2837596
2837597
2837598
2837610
2837612
2837615
2837616
2837617
2837618
2837625
2837629
2837631
2838727
283908
2839229
2839571
2839894
2840149
2840221
2840628
2840629
2840631
2840632
2840633
2840642
2843160
2843162
2843163
2843638
2843639
2844285
2844286
2844287
2844289
2845142
2845187
2845537
2845690
2846071
2847204
2847311
2847559
2847883
2847927
2848295
2848637
2848689
2849470
2849568
2850016
2850022
2850047
2850057
2850058
2850064
2850851
2850869
285156
2853587
2855844
2856545
2858300
2858302
285851
2859537
285978
285985
286045
2861188
2861189
2861190
2861191
2861193
2861194
2861208
286132
2861561
2861697
2861698
2861702
2861704
2862330
2862335
2862772
2863239
2863240
2863243
2863253
2863725
2863812
2863817
2863829
2863834
2863836
2863854
2863856
2863863
2863866
2863867
2863879
2863901
2863902
2863907
2863910
2863919
2863922
2863926
2863942
2864058
2864063
2864202
2866475
2868038
286818
2868623
2868626
2868846
2870008
287045
2870699
2872339
2873746
2873872
287397
2874216
2875783
2876063
2876217
2876284
2876315
2876331
287678
2877813
2878219
2878220
2878221
2878230
2878233
2878237
2878284
2878299
2878303
2878316
2878687
2878890
2879017
2880430
2880453
2880463
2880473
2880502
2880506
2880507
2880508
2880510
2880513
2880514
2880515
2880536
2880826
2880833
2880971
2880994
2881013
2881067
2881068
2881069
2881073
2881078
288266
2883008
2883013
2883029
2883031
2883032
2883033
2883050
2883098
2883100
2883150
2884101
2884256
2885080
2885084
2885089
2885093
2887069
2888505
2889496
2889827
2889838
2889839
2889841
2889851
2889913
2889915
2890788
2892074
2892075
2892076
289243
289258
2893294
2893984
2893986
2894514
289503
2898715
2898785
2898855
2898856
2898857
2898858
2898860
2898864
2898865
2898866
2898868
2898869
2898870
2898871
2899393
2899395
2899397
2899473
2899516
2899518
2899519
2899526
2899527
2899553
2899580
2899581
2899590
2900986
290108
2901110
2901111
2901112
2901113
2901115
2901118
2901119
2901120
2901125
2901126
2901127
2901128
2901674
2903566
2903903
2903911
2904244
2904659
2904878
2905238
2905244
2905616
2908005
2909158
2909210
2909212
2909213
2909921
2909976
2910228
2910892
2910902
2910916
2910929
2910941
2910978
2911501
2911502
2912390
2913602
2914055
2914057
2914058
2914368
2915705
2916036
2916605
2916607
291845
2918614
2920510
2920680
2920693
2920698
2920726
2920727
2920729
2920731
2920748
2920753
2920788
2920790
2920791
2920792
2920793
2920795
2920810
2920812
2922229
2923392
292435
2925418
2926765
2927022
2928120
2928390
2929961
2930275
2931352
2931354
2931356
2931357
2931358
2931365
2931366
2931367
2931368
2932079
2932677
2933528
2933826
2934418
2936068
2937608
2937610
2939576
2943344
2943357
294391
294472
2949660
2950145
2950467
2952166
295279
2953522
2956058
2956063
2956066
2956069
2956070
2956073
2956076
2956077
2956078
2956081
2956092
2956097
2956098
2956099
2956103
2956106
2956107
2956109
2956110
2956136
2956138
2956139
2956140
2956142
2956143
2956151
2956153
2956158
2956163
2956175
2956180
2956181
2956183
2956188
2956189
2956192
2956193
2956194
2956195
2956208
2957189
2957482
2957503
2957509
2957689
2958732
2961033
2961037
2961072
296185
2961851
2961858
2961899
2962073
2962123
2962478
2962482
2962485
2962486
2962488
2962490
2962872
2963282
2963284
2963285
2963286
2963288
2963950
2963952
2964358
296441
2964444
2964718
2964736
2965111
2965155
2965161
2965208
2965209
2965210
2965215
2965219
2965224
2965233
2965236
2965238
2965278
2965280
2965281
2965282
2965283
2965284
2965289
2965302
2965306
2965307
2965310
2965312
2965313
296576
2965788
2966034
2966061
2966631
2966825
2966826
2966827
2966828
2967487
2968292
2968294
2968295
2968296
2968966
2969258
2969259
2969261
2969262
2971850
2972098
2972100
2972101
2972103
2972105
2972106
2972107
2972207
2972211
2972212
2972213
2972214
2972215
2972216
2972280
2972621
2973112
2973113
2973114
2973115
2973201
2973408
2973906
2973932
2974268
2974269
2974286
2975681
2975684
2975685
2975687
2975689
2975808
2975816
2976627
2976897
2977201
2977202
2977315
2977320
2977321
2977326
2977629
2977765
2977766
2978041
2978042
2978114
2978116
2978120
2978121
2978122
2978124
2978125
2978126
2978127
2978128
2978668
2978742
2979568
2979570
2979571
2979573
2979574
2979575
2979576
2979577
2979578
298012
2982385
2982388
2982389
2982390
2982998
2984340
2984615
2984625
2984938
2984939
2984942
2984943
2986072
2986216
2986253
2986254
2986475
2987107
2988948
2989935
2990928
2990931
2990942
2991963
2992024
2992080
2992611
2992719
2992965
2993254
2993651
2993928
2993937
2993939
2993958
2994397
299444
299553
2996150
299618
299687
299717
2998579
2999465
3000061
3000414
3000431
3000434
3000483
3000869
3002657
3002885
3003057
3003381
3003743
3004361
3004365
300477
3004865
3005210
3005607
3006226
300845
3008923
3009710
3009712
300972
3010788
3011140
3011443
3011780
3012168
3012172
3012176
3013126
3013455
30136
3014029
3016711
3017301
3017347
3017349
3017810
3017815
3018888
3019215
3019978
3020387
3020388
3020393
3021674
3021952
3022777
3023055
3023211
3023213
3023215
3023217
3023219
3023220
3023221
3023222
3023223
3023224
3023266
3023299
3023562
3025421
302755
3029944
3030377
3030398
3030403
3030630
3031432
3032323
3032328
3032359
3032655
3032662
3032663
3033395
3033857
3033889
3033890
3034196
3034344
3034682
3035017
3035126
3035131
3035132
3035485
3035486
3035487
3035488
3035489
3035490
3035898
3036220
3036493
3037572
3037573
3037574
3037575
3037576
3037577
3037578
3037579
3037580
3037581
303825
3038314
3038680
3038999
3039066
3039725
3039734
3039736
3039746
3039748
3039749
3039768
3039779
3039782
3039794
3039798
303984
3039976
3040297
304062
304063
3040856
3041836
3042553
3045171
3045303
3045305
3045308
3045311
3045312
3045313
3045314
3045316
3045317
3045318
3045319
3045321
3045323
3045324
3045685
3045711
3045999
3046002
3046017
3046049
3046269
3046306
3046339
3046359
3046482
3047234
3048010
3048019
3048068
3048070
3048071
3048072
3048073
3048074
3048077
3049563
3050514
3050941
3050945
3050946
3051464
3051465
3051466
3051467
3051737
3051768
3052044
305399
3054792
3054793
3054816
3054834
3054835
3054841
3054842
3054845
3054846
3054848
3054858
3054861
3054862
3054876
3054888
3054890
3054929
3054949
3054958
3054960
3054963
3054968
3054969
3054971
3054973
3054974
3054978
3054981
3054984
3054990
3054991
3054992
3054993
3054994
3054995
3054996
3054999
3055003
3055014
3055029
3055030
3055033
3055037
3055039
3055044
3055051
3055052
3055053
3055054
3055642
3055707
3056819
3057110
3057134
3057181
3057191
3057263
3057839
3058083
3058515
3058985
3059317
3060716
3061064
306121
3061512
3061518
3062157
3062536
3062577
3063858
3064919
3064949
3065718
3065822
3067505
3067903
3067904
3068364
3068368
3068404
3068457
3069114
3069392
3069762
3070102
3070738
3071088
3071089
3071756
307195
3072000
3072303
3072305
3072306
3072307
3072309
3072310
3072311
3072595
3072604
3072620
3072630
3072631
3072633
307298
3073094
3073865
3073893
3073921
3074228
3074229
3074230
3074231
3074232
3074233
307454
3074541
3074543
3074544
3074545
3074547
3074548
3074549
3074550
3074552
3074553
3074554
3075158
3075220
3075221
3075222
3075226
3075590
3075591
3075592
3075593
3076321
3076895
3076949
3077657
3078071
3078601
3078662
3079757
3079904
3080129
3080333
3080348
3080352
3080353
3080355
3080446
3080790
3081087
3081088
3081089
3081090
3081320
3081349
3081434
3081444
3081455
3081682
3082089
3082420
3082442
3082458
3082459
3082487
3083184
3083185
3083186
3084135
3084525
3085477
3085500
3085501
3085502
3085511
3085514
3085520
3085526
3085528
3085529
3085542
3085543
3085546
3085548
3085549
3085551
3085552
3085561
3085567
3085568
3085571
3085582
3085583
3085584
3085594
3085595
3085596
3085609
3085612
3085614
3085615
3085616
3085618
3085619
3085634
308567
3086251
3087038
3087039
3087088
3087119
3087135
3087918
3087985
3088195
3088501
3088502
3088903
3089250
3089548
3089656
3089657
3089659
3089662
3089664
3089665
3089669
3089952
3091287
3092601
3093513
3093983
3094995
3094996
3096440
3096441
3096443
3096447
3096448
3096735
3096736
3096738
3097264
3097266
3097617
3097877
3097988
3097989
3097991
3097992
3097994
3097995
3097996
3097997
3097999
3098000
3098001
3098778
3098779
3098780
3098781
3098784
3098785
3098786
3099860
3099862
3099863
3099864
3099866
3099869
3099874
3100213
3100465
3100773
3101246
3101359
3101360
3101364
3101365
3101367
3101370
3101371
3101496
3101499
3101506
3101507
3101509
3101510
3101512
3101513
3101514
3101520
3101521
3101522
3101523
3101525
3101526
3101529
3101532
3101533
3101541
3101543
3101544
3101553
3101554
3101555
3101558
3101559
3101560
3101564
3101722
3101746
3102924
3102925
3102939
3104002
3104503
3104507
3104517
3104519
3104521
3104540
3105211
3105213
3105256
3105578
3105579
3105864
3105872
3106614
3108096
3108347
3108371
3108381
3108664
3108669
3108670
3109094
3109103
3109560
3110329
311052
311401
3114335
3114338
3114340
3114342
3114351
3114372
3114375
3114382
3114395
3114396
3114400
3114401
3114402
3114403
3114407
3114414
3114415
3114416
3114421
3114422
3114426
3114428
3114431
3114432
3114433
3114442
3114456
3114457
3114458
3114479
3114481
3114482
3114489
3114494
3114503
3114504
3114511
3114518
3114520
3114526
3114540
3114541
3114542
3114546
3114547
3114548
3114549
3114554
3114557
3114564
3114565
3114566
3114690
3114698
3114702
3114724
3114733
3114734
3114740
3114741
3114742
3114744
3114745
3114747
3114748
3114752
3114755
3114759
3114773
3114812
3114814
3114821
3114824
3114829
3114833
3114855
3114861
3114866
3114869
3114871
3114872
3114873
3114874
3114878
3114880
3114883
3114885
3114888
3114889
3114892
3114893
3114895
3114897
3114898
3114900
3114901
3114927
3114934
3114937
3114944
3114947
3114960
3114964
3114981
3114982
3114983
3114985
3114987
3114988
3114990
3114993
3114994
3114998
3115014
3115016
3115020
3115025
3115041
3115094
3115103
3115107
3115109
3115111
3115112
3115114
3115115
3115116
3115117
3115118
3115119
3115120
3115121
3115123
3115124
3115130
3115131
3115132
3115134
3115135
3115144
3115153
3115169
3115170
3115173
3115182
3115187
3115194
3115195
3115196
3115197
3115198
3115243
3115244
3115246
3115248
3115254
3115256
3115259
3115262
3115272
3115279
3115285
3115289
3115292
3115299
3115301
3115306
3115308
3115309
3115311
3115312
3115315
3115317
3115318
3115322
3115386
3115393
3115395
3115408
3115415
3115419
3115427
3115431
3115439
3115440
3115443
3115449
3115452
3115459
3115462
3115463
3115464
3115465
3115466
3115467
3115468
3115471
3115472
3115474
3115479
3115480
3115481
3115487
3115858
3115871
3115872
3115873
3115875
3116111
3116130
3116162
3116178
3116180
3116184
3116869
3116900
3118268
3118270
3118280
3118284
3118290
3118292
3118293
3118297
3118299
3118300
3118301
3118303
3118304
3118307
3118308
3118309
3118310
3118311
3118312
3118313
3118316
3118317
3118327
3118331
3118345
3118348
3118352
3118360
3118377
3118378
3118380
3118381
3118382
3118384
3118388
3118389
3118390
3118394
3118395
3118396
3119075
3119517
3119518
311967
3121212
3121461
3121918
3122646
3122648
3122649
3122651
3122654
3122655
3122656
3122658
3122660
3122661
3123294
3124000
3124001
3124263
3124266
3124280
3124557
3124584
312461
3126041
3126434
3126446
3126587
3126593
3127219
3127220
3127221
3127222
3127226
3127227
3127229
3127230
3127231
3127233
3127888
3127889
3127890
3127892
3127893
3127894
3127895
3127897
3127898
3127904
3127921
3127927
3127929
3127932
3127945
3127948
3127949
3127950
3127951
3127953
3127954
3127958
3127962
3127968
3127986
3127995
3128008
3128012
3128016
3128019
3128020
3128022
3128023
3128024
3128025
3128026
3128027
3128029
3128030
3128032
3128034
3128035
3128037
3128043
3128044
3128057
3133043
3134214
3134220
3134222
3134225
3134226
3134228
3134241
313450
3134700
3134811
3134814
3135173
3135174
3135456
313576
3135982
3135983
3135984
3135985
3135987
3135988
3135989
3135991
3135994
3135995
3135996
3135997
3135998
3136000
3136041
3136082
313675
3137513
3137721
3137893
313829
3138327
3138328
3138910
3138938
3138962
3139398
3139852
3139914
3139929
3139940
3140410
3140709
3140735
3140745
3140768
3141083
314147
3141486
3141529
3141535
3141537
3141538
3141547
3141780
3141806
3142015
3142019
3142023
3142024
3142025
3142026
3142030
3142032
3142033
3142035
3142036
3142037
3142041
3142042
3142043
3142045
3142577
3143081
3143136
3143141
3143142
3143145
3143146
3143148
3143693
3144427
3144428
3144429
3144432
3145739
3146706
3146723
3146963
3147458
3147461
3148198
3148541
3149090
3150220
3150501
3151086
3151097
3153171
3153199
3153704
3154070
3154132
3154208
3155178
3155413
3155776
3155777
3155784
3156013
3156016
3156017
3156019
3156059
3156387
3156421
3157569
3158363
3158364
3158991
3159398
3160005
3160339
3160352
316056
3161561
3161664
3161949
3161951
3161958
3162033
3162040
3162047
3162051
3162075
3162343
3163017
3163018
3163207
3163244
3163245
3163246
3163247
3163250
3163251
3163291
316333
3163912
3164023
3164024
3164025
3164033
3164035
3164294
3165796
3165798
3167679
3167685
3168965
3169658
3169659
3169704
3170106
3170377
3170455
3170460
3170463
317138
3172431
3172436
317244
3172445
3172457
3172458
3172459
3172464
3172519
3172522
3172539
3172540
3172542
3172727
3172729
3172985
3174060
3174301
3174302
3174304
3174305
3175024
3175443
3175887
317615
317636
3176492
3176493
3176495
3177108
3177186
3177725
3178034
3178539
3178639
3178643
3178653
3178656
3178664
3178667
3178673
3178674
3178676
3178677
3178678
3178680
3178682
3178683
3178684
3178685
3178686
3178687
3178688
3178689
3178690
3178693
3178694
3178702
3178703
3178710
3178724
3178725
3178729
317879
3179162
3179163
317979
318089
318138
3181707
318202
3182373
3183431
3184122
3184471
3184711
3184728
3184736
3184943
3185319
3185330
3185331
3185332
3185611
3185614
3185911
318593
3186805
3186807
3187754
3188128
3188397
3188399
3188400
3188726
3188730
3188731
3188732
3188735
3188740
3188741
3188743
3189039
3189040
3189051
3189052
3189647
3189866
3190847
3191203
3191256
3191492
319182
3191827
3191828
3191829
3191830
3191831
3191833
3191835
3191836
3191837
3191839
3191840
3191841
3191843
3191844
3191845
3191847
3191848
3191858
3191863
3191865
3191880
3191881
3191882
3191885
3191888
3191890
3191894
3191895
3191897
3191898
3191899
3191902
3191904
3191907
3191908
3191909
3191913
3191914
3191915
3191932
3191938
3191939
3191943
3191944
3191945
3192391
3192392
3192393
3192440
3192441
3192890
3192892
3193418
3193438
3193442
3193515
3193713
3194343
3194371
3194714
3194716
3194717
3194718
3194719
3194720
3194721
3194722
3194724
3194725
3194798
319507
3196348
3196718
3196726
319733
3197655
3197867
3197868
3197873
3197874
3197876
3197877
3198218
3198234
3198483
3198510
3198585
3198586
3198798
3198800
3198807
3198808
3198809
3200970
3201860
320206
3202790
3203382
3203383
3203384
3203386
3203387
3203390
3203391
3203392
3203393
3203399
3203427
3203430
3203432
3203436
3203438
3203441
3203458
3203459
3203460
3203461
3203462
3203463
3203464
3203466
3203467
3203468
3203469
3203474
3203477
3203484
3203485
3203621
3203838
3203859
3204059
3204068
320436
3204723
3204724
3204801
3204802
3204805
3204808
3205383
3205386
3205394
3205400
3205401
3205408
3205409
3205638
3205715
3206632
3207752
3208481
320920
3209498
3210720
3210721
3211306
3211308
3212218
3212221
3212223
3212224
3212225
321232
3212642
3212646
321309
3213537
3213544
3213545
3213551
3213555
3213559
3213560
3213562
3213564
3213623
3213624
3213626
3213627
3213630
3213631
3213632
3213636
3213638
3213640
3213641
3213642
3213643
3213644
3213646
3213647
3213648
3213649
3213657
3213658
3213659
3213986
3214051
3214628
321599
321661
3216775
3216916
3217587
3217841
3217845
3217882
321804
3218362
321911
322273
322289
323172
323255
323759
323875
323889
324096
324380
324458
324929
326075
326322
326568
326573
326585
326830
326886
327521
327522
327696
328130
328310
328676
328970
329048
329077
329115
329170
329209
329390
329414
329834
330008
330994
331065
331066
331866
331953
4010250
4010299
4010300
4010301
4010303
4010304
4011020
4011022
4011023
4011026
4011027
4011038
4011040
4011041
4011050
4011052
4011055
4011056
4011061
4011062
4011063
4011064
4011065
4011068
4011069
4011078
4011089
4011090
4011091
4011095
4011097
4011103
4011104
4011107
4011108
4011110
4011113
4011117
4011125
4011126
4011127
4011134
4011143
4011159
4011162
4011170
4011178
4011179
4011180
4011186
4011190
4011194
4011196
4011197
4011199
4011200
4011201
4011202
4011205
4011206
4011207
4011213
4011217
4011220
4011222
4011231
4011232
4011233
4011234
4011236
4011242
4011244
4011245
4011247
4011250
4011257
4011262
4011264
4011265
4011266
4011267
4011268
4011270
4011271
4011273
4011277
4011574
4011575
4011576
4011579
4011580
4011581
4011584
4011586
4011590
4011599
4011600
4011602
4011604
4011605
4011606
4011607
4011608
4011609
4011610
4011611
4011612
4011614
4011615
4011618
4011622
4011626
4011627
4011628
4011632
4011636
4011637
4011639
4011641
4011642
4011643
4011648
4011651
4011653
4011656
4011657
4011658
4011659
4011660
4011665
4011673
4011674
4011675
4011680
4011682
4011686
4011688
4011690
4011692
4011695
4011697
4011698
4011701
4011703
4011705
4011707
4011709
4011711
4011712
4011714
4011715
4011717
4011719
4011720
4011721
4011727
4011730
4011981
4012021
4012178
4012204
4012212
4012213
4012214
4012215
4012216
4012217
4012373
4012487
4012497
4012583
4012584
4012598
4012606
4013078
4013198
4013429
4013867
4014329
4014652
4014661
4014793
4014794
4014981
4014982
4014983
4014984
4014985
4014986
4014987
4014988
4015067
4015068
4015195
4015217
4015219
4015221
4015380
4015383
4015546
4015547
4015548
4015549
4015550
4015551
4015583
4016871
4017018
4017094
4018106
4018196
4018271
4018288
4018291
4018293
4018294
4018298
4018300
4018304
4018305
4018308
4018309
4018310
4018311
4018313
4018319
4018327
4018328
4018330
4018332
4018336
4018337
4018338
4018339
4018341
4018342
4018343
4018344
4018347
4018350
4018351
4018353
4018354
4018355
4018356
4018357
4018359
4018360
4018362
4018375
4018381
4018382
4018383
4018387
4018388
4018390
4018391
4018392
4018393
4018396
4018398
4018399
4018466
4018483
4018556
4018588
4018821
4018885
4018927
4019086
4019088
4019089
4019090
4019091
4019092
4019093
4019095
4019108
4019109
4019110
4019111
4019112
4019113
4019114
4019115
4019149
4019204
4019206
4019213
4019214
4019215
4019216
4019263
4019264
4019460
4019472
4019473
4019474
4020535
4020732
4020733
4020734
4020735
4020736
4020821
4021558
4021903
4021923
4022008
4022010
4022013
4022130
4022135
4022137
4022138
4022139
4022141
4022142
4022145
4022146
4022147
4022150
4022151
4022160
4022162
4022169
4022172
4022173
4022174
4022176
4022177
4022179
4022182
4022183
4022188
4022189
4022190
4022191
4022195
4022196
4022197
4022198
4022199
4022200
4022202
4022203
4022205
4022206
4022207
4022208
4022209
4022210
4022218
4022221
4022224
4022225
4022228
4022232
4022234
4022235
4022236
4022237
4022238
4022243
4022714
4022715
4022717
4022718
4022719
4022722
4022724
4022725
4022726
4022727
4022730
4022746
4022748
4022750
4022883
4022884
4022887
4022914
4023307
4023489
4023490
4023814
4024402
4025240
4025252
4025331
4025333
4025336
4025337
4025338
4025339
4025341
4025342
4025343
4025344
4025376
4025397
4025398
4025409
4025497
4025674
4025865
4025866
4025867
4025868
4025869
4025872
4025877
4026059
4026061
4032201
4032212
4032213
4032214
4032215
4032216
4032218
4032220
4032222
4032223
4032229
4032233
4032235
4032239
4032240
4032241
4032246
4032256
4032542
4032955
4034034
4034044
4034658
4034660
4034662
4034664
4034665
4034666
4034668
4034672
4034674
4034679
4034681
4034733
4034741
4034744
4034745
4034786
4035055
4035056
4035679
4036108
4036586
4036996
4037359
4038777
4038779
4038781
4038782
4038783
4038786
4038788
4038792
4038793
4038799
4038806
4038874
4039038
4039266
4039325
4039384
4040685
4040955
4040956
4040957
4040958
4040959
4040960
4040964
4040965
4040966
4040967
4040971
4040972
4040973
4040974
4040975
4040977
4040978
4040979
4040980
4040981
4041671
4041676
4041678
4041679
4041681
4041687
4041689
4041690
4041691
4041693
4041944
4041995
4042007
4042050
4042067
4042120
4042121
4042122
4042123
4042723
4042895
4045655
4046184
4047170
4047206
4047211
4048951
4048952
4048953
4048954
4048955
4048956
4048957
4048958
4048959
4048960
4048961
4048962
4048968
4048970
4049164
4049179
4050795
4050936
4052303
4052978
4053577
4053578
4053579
4053580
4053581
4054170
4054171
4054172
4054174
4054175
4054176
4054177
4054181
4054182
4054183
4054517
4054518
4054519
4054520
4054521
4054522
4054523
4054993
4054994
4054995
4054996
4054997
4054998
4054999
4055000
4055001
4055002
4056564
4056568
4056613
4056615
4056759
4056887
4056888
4056890
4056891
4056892
4056893
4056894
4056895
4056896
4056897
4056898
4056899
4056941
4056942
4056944
4057113
4057114
4057115
4057116
4057117
4057118
4057120
4057121
4057122
4058165
4058559
4058560
4058561
4058562
4073011
4073065
4073079
4073080
4073392
4073537
4074587
4074588
4074589
4074590
4074591
4074592
4074593
4074594
4074595
4074596
4074597
4074598
4074603
4074736
4074836
4074851
4074880
4087371
4087398
4088776
4088779
4088782
4088785
4088786
4088787
4088827
4088875
4088876
4088877
4088878
4088879
4088880
4089175
4089187
4089229
4089283
4089344
4089453
4089501
4091243
4091346
4091756
4092041
4092433
4092434
4092437
4092439
4092442
4092444
4092447
4092453
4092459
4092460
4092464
4092465
4092466
4092467
4092470
4092472
4092473
4092477
4092479
4092481
4092482
4092483
4092946
4093107
4093108
4093109
4093110
4093111
4093112
4093114
4093115
4093118
4093119
4093122
4093123
4093223
4093224
4093227
4093257
4093478
4094079
4095512
4095513
4095514
4095515
4095517
4095518
4095519
4095872
4095873
4095874
4095875
4095876
4096040
4096235
4096236
4096237
4096416
4096417
4096418
4096494
4096495
4099852
4099855
4100480
4101477
4103712
4103715
4103716
4103718
4103721
4103723
4103725
4103726
4103727
4103728
4103729
4103730
4103731
4103768
4130944
4130956
4130957
4131188
4134651
4227167
4227170
4227175
4230450
4230467
4234459
4284815
4284819
4284826
4284835
4284846
4284855
4284860
4284867
4284874
4284878
4284880
4287903
4291391
4293756
4293802
4293803
4293805
4293808
4294413
4295656
4295699
4336919
4336946
4336986
4336999
4338380
4338415
4338416
4338417
4338418
4338419
4338420
4338421
4338422
4338423
4338424
4338600
4338601
4338602
4338604
4338605
4338606
4338610
4338611
4338612
4338613
4338814
4338815
4338816
4338818
4338819
4338820
4338821
4338823
4338824
4338825
4338826
4338829
4338830
4338831
4338832
4339093
4339279
4339291
4339503
4339854
4340583
4340731
4340733
4340937
4340939
4341832
4342191
4342192
4342193
4343205
4343674
4343885
4343887
4343888
4343892
4343896
4343897
4343898
4343899
4343900
4343901
4343902
4343909
4344104
4344144
4344145
4344146
4344147
4344148
4344149
4344150
4344151
4344152
4344153
4344165
4344166
4344167
4344171
4344172
4344173
4344175
4344176
4344177
4344178
4345397
4345418
4345419
4345420
4345421
4345424
4345425
4345455
4345459
4345836
4346877
4457025
4457026
4457027
4457028
4457029
4457030
4457033
4457034
4457035
4457036
4457037
4457038
4457042
4457043
4457044
4457045
4457053
4457054
4457055
4457056
4457128
4457129
4457131
4457132
4457135
4457138
4457140
4457142
4457143
4457144
4457145
4457146
4457426
4457984
4458010
4458321
4458621
4458842
4459266
4461434
4461437
4461440
4461445
4461447
4461448
4461449
4461450
4461457
4461460
4461465
4461466
4461473
4461476
4461478
4461481
4461483
4461485
4461486
4461487
4461488
4461489
4461501
4461503
4461504
4461506
4461511
4461513
4461518
4461519
4461520
4461521
4461524
4461526
4461527
4461529
4461530
4461532
4461535
4461537
4461539
4461541
4461542
4461543
4461544
4461548
4461549
4461551
4461556
4461558
4461559
4461565
4461566
4461569
4461570
4461576
4461577
4461580
4461589
4461590
4461591
4461594
4461595
4461596
4461597
4461598
4461601
4461607
4461608
4461611
4461612
4461613
4461614
4461617
4461619
4461620
4461621
4461623
4461624
4461625
4461630
4461631
4461633
4461634
4461635
4462112
4462115
4462137
4462138
4462139
4462143
4462146
4462153
4462154
4462155
4462169
4462171
4462174
4462175
4462176
4462177
4462178
4462184
4462186
4462199
4462202
4462204
4462208
4462209
4462210
4462211
4462213
4462215
4462216
4462223
4462224
4462225
4462226
4462230
4462236
4462242
4462915
4462917
4462918
4462919
4462922
4462923
4462926
4462929
4462931
4462937
4462941
4462949
4463097
4463104
4464330
4464504
4464510
4464511
4464515
4464518
4464520
4464525
4464527
4464528
4464534
4464536
4464542
4464543
4464544
4464548
4464549
4464551
4464556
4464557
4464558
4464561
4464564
4464565
4464566
4464567
4464571
4464572
4464573
4464590
4464592
4464594
4464596
4464597
4464599
4464602
4465659
4465660
4465661
4465663
4465664
4466536
4467106
4467107
4467675
4467678
4467680
4467686
4467691
4467694
4467696
4467697
4467700
4467701
4467702
4467703
4467706
4467708
4468741
4468742
4469516
4470199
4470491
4470492
4470493
4470498
4470499
4470500
4470502
4470600
4470601
4470602
4470622
4470623
4470629
4470630
4470633
4470637
4470638
4470639
4470640
4470641
4471102
4471318
4471319
4471320
4471321
4471322
4471323
4471324
4471325
4471326
4471327
4471328
4471329
4471330
4471331
4471332
4471389
4471391
4471392
4474419
4475506
4475509
4475510
4475511
4475512
4475513
4475514
4475517
4475519
4475520
4475522
4475527
4475528
4475529
4475530
4475531
4475533
4475534
4475538
4475540
4475545
4475547
4475549
4475553
4475554
4475555
4475557
4475558
4475563
4475565
4475566
4475569
4475573
4475574
4475575
4475579
4475583
4475589
4475590
4475591
4475594
4475595
4475596
4475597
4475598
4475599
4475601
4475602
4475605
4475606
4475607
4475608
4475609
4475611
4476698
4476755
4477029
4479232
4479233
4480056
4480116
4480788
4480957
4480960
4480961
4480962
4480963
4480964
4480965
4480966
4480968
4480970
4480972
4480973
4480975
4480978
4480979
4481480
4481481
4481482
4481483
4481484
4481485
4481486
4481487
4482986
4483187
4483228
4483229
4483230
4483232
4483234
4483235
4483450
4483452
4484094
4484098
4484099
4484103
4484108
4484110
4484111
4484112
4484113
4484117
4484119
4484122
4484123
4484124
4484125
4484126
4484127
4484130
4484131
4484132
4484141
4484142
4484143
4484144
4484148
4484149
4484150
4484151
4484152
4484156
4484157
4484158
4484159
4484160
4484163
4484164
4484165
4484166
4484167
4484169
4484179
4484180
4484182
4484183
4484184
4484186
4484190
4484191
4484192
4484193
4484196
4484197
4484214
4484217
4484221
4484223
4484226
4484227
4484229
4484231
4484234
4484235
4484236
4484237
4484238
4484240
4484242
4484243
4484244
4484246
4484250
4484254
4484255
4484256
4484258
4484259
4484260
4484264
4484265
4484266
4484267
4484268
4484269
4484270
4484271
4484272
4484273
4484274
4484275
4484277
4484281
4484282
4484283
4484284
4484285
4484287
4484290
4484291
4484292
4484293
4484294
4484295
4484296
4484297
4484298
4484299
4484300
4484301
4484307
4484308
4484319
4484321
4484322
4484332
4484336
4484338
4484340
4484342
4484346
4484348
4484351
4484352
4484353
4484354
4484357
4484359
4484361
4484363
4484364
4484365
4484366
4484369
4484370
4484372
4484373
4484374
4484375
4484376
4484378
4484379
4484380
4484381
4484382
4484383
4484384
4484385
4484387
4484391
4484393
4484396
4484399
4484400
4484402
4484403
4484405
4484409
4484410
4484411
4484414
4484415
4484417
4484431
4484433
4484435
4484436
4484438
4484440
4484441
4484443
4484446
4484448
4484449
4484450
4484451
4484452
4484453
4484455
4484456
4484458
4484460
4484461
4484462
4484463
4484465
4484466
4484468
4484469
4484470
4484471
4484472
4484473
4484474
4484475
4484476
4484478
4484479
4484480
4484481
4484484
4484486
4484487
4484488
4484490
4484492
4484494
4484495
4484497
4484498
4484503
4484504
4484505
4484506
4484507
4484508
4484510
4484512
4484513
4484514
4484515
4484516
4484517
4484518
4484520
4484522
4484524
4484525
4484526
4484527
4484528
4484530
4484531
4484532
4484533
4484534
4486474
4486563
4486564
4486660
4486661
4486663
4486664
4486665
4486667
4486670
4486671
4486673
4486674
4486676
4486677
4486678
4486679
4486682
4486683
4486687
4486688
4486689
4486692
4486694
4486695
4486696
4486697
4486698
4486700
4486701
4486703
4486704
4486706
4486707
4486708
4486713
4486714
4486717
4486718
4486719
4486721
4486722
4486723
4486724
4486725
4486727
4486730
4486732
4486733
4486734
4486736
4486737
4486738
4486740
4486742
4486743
4486744
4486748
4486750
4486751
4486752
4486753
4486754
4486755
4486757
4486759
4486760
4486762
4486764
4486993
4486996
4487000
4487006
4487011
4487017
4487018
4487019
4487020
4487021
4487023
4487025
4487026
4487028
4487029
4487038
4487044
4487052
4487078
4487079
4487081
4487121
4487122
4487123
4487124
4487563
4489639
4489868
4489871
4489872
4489873
4489876
4489878
4489880
4489881
4489882
4489883
4489884
4489885
4489886
4489891
4489899
4489907
4491413
4491476
4493138
4493139
4493140
4493142
4493143
4493145
4493148
4493149
4493151
4493156
4493160
4493161
4493162
4493163
4493165
4493167
4493168
4493170
4493171
4493175
4493176
4493177
4493178
4493181
4493183
4493185
4493186
4493187
4493192
4493194
4493195
4493196
4493197
4493198
4493199
4493200
4493201
4493202
4493203
4493204
4493206
4493208
4493210
4493211
4493214
4493215
4493218
4493222
4493223
4493224
4493225
4493227
4493228
4493229
4493230
4493231
4493232
4493233
4493234
4493238
4493239
4493435
4493441
4493446
4493448
4493450
4493451
4493458
4493464
4493467
4493470
4493471
4493472
4493474
4493475
4493478
4493509
4493552
4494351
4494352
4494412
4494440
4494441
4495610
4495611
4495613
4495616
4495620
4497932
4497936
4498206
4498363
4498961
4498962
4498963
4498964
4499149
4499151
4499154
4499158
4499164
4499165
4499167
4499171
4499175
4499179
4499180
4499181
4499386
4499405
4499406
4499407
4499408
4499409
4503027
4503028
4503259
4503263
4503267
4503269
4503273
4503276
4503279
4503284
4503285
4503286
4503287
4503290
4503291
4503292
4503293
4503308
4503327
4504701
4504702
4504703
4504705
4504707
4504709
4504711
4504712
4504714
4504715
4504716
4504719
4504721
4504722
4504723
4504724
4504726
4504727
4504729
4504733
4504735
4504738
4504739
4505217
4505218
4505219
4505220
4505221
4505222
4505224
4505225
4505419
4505422
4506009
4506161
4506162
4506163
4506164
4506986
4506987
4506988
4506989
4506991
4507411
4507412
4507413
4507414
4507419
4507420
4507421
4507422
4507423
4507434
4507435
4507448
4507449
4507450
4507452
4507453
4507455
4507456
4507457
4507458
4507460
4507461
4507462
4507464
4507469
4508724
4509408
4509409
4509410
4511553
4511872
4512476
4512482
4512486
4512488
4512489
4512491
4512497
4512501
4512506
4512507
4512508
4512516
4512517
4512518
4512578
4513696
4514354
4514355
4514356
4514357
4514359
4514598
4514599
4514601
4514603
4514604
4515384
4515509
4515519
4515832
4516026
4516033
4516044
4516046
4516051
4516055
4516058
4516062
4516064
4516065
4516066
4516067
4516068
4516070
4516115
4517388
4517389
4519335
4519336
4519337
4519338
4519764
4519765
4519974
4519976
4519985
4519990
4519998
4520002
4520003
4520004
4520005
4520007
4520008
4520009
4520010
4520011
4523171
4523205
4524570
4524964
4525106
4525232
4525233
4525234
4525235
4525236
4525237
4525239
4525241
4525243
4525246
4525250
4525253
4528760
4530677
4530681
4530684
4530689
4530691
4530692
4530695
4530698
4530702
4530714
4530715
4530717
4530719
4530730
4530734
4532095
4532097
4532098
4532691
4532693
4532933
4532935
4532936
4532938
4534251
4534271
4534273
4534276
4534283
4534288
4534293
4534297
4534303
4534306
4534309
4534310
4534312
4534314
4534761
4534976
4534977
4534978
4534979
4535101
4535102
4535103
4535104
4535105
4535288
4535680
4535706
4536987
4536988
4536989
4537759
4537762
4537764
4537765
4537767
4537776
4537789
4537794
4537803
4537810
4537813
4537814
4537820
4537821
4537822
4538032
4538461
4538593
4538708
4538884
4538885
4538886
4538887
4538888
4540102
4540123
4540670
4540671
4540673
4540681
4540688
4540689
4540693
4540694
4541500
4541504
4541505
4541506
4541509
4541510
4541722
4549673
4549674
4549675
4549676
4549677
4549678
4549949
4549951
4550905
4550917
4550922
4550927
4550929
4550930
4550951
4550957
4550961
4550964
4550965
4550970
4550971
4551258
4551259
4551762
4551853
4551998
4552002
4552926
4552928
4552929
4552931
4556399
4556400
4556401
4556402
4556403
4556404
4556405
4556406
4556441
4556798
4556799
4556807
4556812
4556813
4556826
4556836
4556840
4556843
4556846
4556852
4556853
4556854
4556860
4557699
4557700
4557957
4558997
4558998
4560960
4561600
4561602
4561603
4561608
4561612
4561616
4561621
4561643
4561645
4561649
4561666
4561669
4561670
4561673
4561674
4562053
4565349
4565351
4565353
4565354
4565479
4565483
4565489
4565503
4565508
4565511
4565513
4565524
4565529
4565535
4565536
4565537
4565539
4565540
4565541
4565552
4565553
4565554
4565911
4565912
4566040
4566425
4566426
4566466
4566467
4566468
4566469
4566782
4566785
4567703
4569745
4569746
4569748
4569749
4569751
4570333
4570500
4570501
4570502
4570503
4570505
4570506
4570507
4570508
4570509
4571332
4571333
4571334
4571479
4571480
4571481
4571687
4571692
4571694
4571702
4571703
4571709
4571719
4571723
4571729
4571730
4571736
4571741
4571746
4571756
4571787
4571788
4574727
4574742
4576950
4577009
4577010
4577015
4577032
4577038
4577041
4577048
4577049
4577051
4577053
4577064
4577066
4577070
4577071
4577352
4577501
4577668
4577671
4578013
4578105
4578106
4578961
4578963
4578968
4578969
4578971
4578972
4578974
4579311
4579976
4579977
4579978
4579979
4579980
4580325
4580327
4580328
4580330
4580345
4580346
4580347
4580353
4580358
4580378
4580382
4580385
4580387
4580467
4580468
4580469
4580470
4581424
4583456
4583457
4583458
4583459
4583460
4583461
4583462
4583463
4583465
4583556
4584611
4584612
4584787
4586768
4586781
4586785
4586786
4586787
4586793
4586805
4586807
4586808
4586817
4586823
4586827
4586830
4586834
4586845
4588741
4592438
4592440
4592446
4592449
4592464
4592468
4592471
4592484
4592495
4592497
4592498
4592503
4592504
4593226
4593465
4593466
4593467
4595459
4595460
4595462
4595463
4598229
4598230
4598231
4598242
4598243
4598245
4598275
4598278
4598279
4598285
4598287
4598288
4598289
4598297
4601050
4601051
4601054
4601056
4601269
4601315
4601318
4601319
4601331
4601345
4601347
4601348
4601349
4601354
4601357
4601360
4601363
4601366
4601384
4601887
4602269
4602915
4602958
4602959
4602960
4602961
4603002
4603003
4603004
4603005
4618795
4618809
4618810
47366
5000675
5000688
5000800
5000802
5000803
5000807
5000808
5000809
5000822
5000840
5000841
5000844
5000847
5000848
5000851
5000853
5000856
5000871
5000978
5001284
5001285
5001292
5001330
5001332
5001335
5001337
5001339
5001340
5001342
5001347
5001382
5001383
5001387
5001389
5001392
5001393
5001779
5001914
5001916
5001917
5001918
5001919
5001920
5001922
5001923
5001924
5001925
5001927
5001928
5001931
5001934
5001935
5001936
5001939
5001942
5001943
5001944
5001945
5001946
5001947
5001949
5001950
5001951
5001953
5001954
5001955
5001956
5001958
5001960
5001962
5001963
5001973
5001975
5001976
5001977
5001979
5001981
5001982
5001983
5001984
5001985
5001986
5001992
5001993
5001996
5001997
5001999
5002000
5002002
5002003
5002004
5002005
5002006
5002007
5002009
5002014
5002018
5002020
5002024
5002027
5002028
5002029
5002030
5002032
5002035
5002036
5002038
5002042
5002043
5002053
5002056
5002063
5002065
5002072
5003165
5003169
5003171
5003172
5003173
5003174
5003197
5003203
5003208
5003209
5003210
5003220
5003225
5003228
5003233
5003435
5003611
5003612
5003635
5003636
5003637
5003638
5003646
5003661
5003667
5003671
5003681
5003687
5003694
5003695
5003696
5003697
5003729
5004237
5004238
5004244
5004245
5004249
5004285
5004289
5004294
5004298
5004299
5004302
5004305
5004307
5004715
5004716
5004717
5004778
5004779
5004780
5004945
5004946
5004947
5004948
5004950
5004951
5004953
5004954
5004955
5004956
5004958
5004959
5004960
5005030
5005031
5005033
5005036
5005040
5005043
5005076
5005088
5005089
5005090
5005094
5005095
5005099
5005106
5005239
5005368
5005369
5005370
5005373
5005374
5005563
5005565
5005566
5005568
5005569
5005573
5005575
5005606
5005607
5005613
5005615
5005618
5005623
5005627
5005633
5006075
5006076
5006667
5006669
5006670
5006671
5006672
5006674
5006675
5006699
5006714
5006715
5006728
5006729
5006732
5006736
5006739
5006743
5006871
5007011
5007012
5007186
5007189
5007192
5007205
5007206
5007207
5007215
5007233
5007236
5007245
5007246
5007247
5007255
5007260
5007263
5007275
5007409
5007903
5008478
5008479
55362
624164
810030
810487
810577
810833
810847
811114
811493
812262
812709
813360
813489
814078
815021
815206
815495
816093
816456
816458
817606
817772
817787
818529
819639
819696
821557
822343
822679
822715
822925
823182
823353
823559
823718
823803
823980
824105
824141
824145
824146
824151
825119
826232
827103
827104
827653
828028
828035
828040
828489
828741
828749
828750
829436
830348
830352
831527
831931
831932
832332
832359
832483
832759
832894
833987
833989
834130
834707
835150
835732
837001
837009
838344
838345
838512
838905
839643
839645
840315
840374
840987
841356
841373
841533
841870
841872
841873
842436
842496
842526
842689
867282
867801
870763
871250
873333
873339
873350
873352
873354
873355
873366
873372
873376
873379
873380
883935
883939
884933
885249
885250
885834
885835
885836
885881
885882
886179
886836
886903
886904
886905
886906
887219
887617
887684
887685
887977
887978
887979
887981
887998
887999
888113
888258
888302
889167
889293
890046
890047
890066
890169
890175
890261
890829
890859
890923
891711
891716
891781
892841
892842
892843
892944
893066
893086
893756
894320
894510
894541
894542
894549
894689
895179
895333
895589
896358
896422
896423
896424
896426
896428
896597
896688
896727
897715
898458
899283
899587
899588
899589
899591
899753
900725
901017
901190
901214
902400
902412
903235
903672
904706
905413
905414
905495
905553
905555
905645
905646
905649
905749
905754
905755
905756
905757
905758
905915
906780
907245
908519
908523
908531
908981
909115
909118
910620
910729
911280
911562
911564
911565
911567
911701
911831
911927
912442
912812
912919
913433
913446
913580
914388
914389
914451
914455
914796
914797
914798
915384
916281
916518
916519
916520
916768
916803
917008
917150
917151
917152
917159
917283
917284
917285
917334
917335
917336
917344
917345
917346
917422
917537
917627
917734
917736
917953
918118
918419
918420
918424
918425
918439
918547
918899
918963
919007
920101
920102
920213
920214
920670
920683
920685
920813
920816
920821
920822
920906
920958
921213
921214
921398
921503
921566
921567
921568
921585
921593
921594
921595
921596
921598
921606
921645
921883
922581
922616
922760
922770
922819
922968
923088
923089
923090
923091
923092
923093
923148
923151
923167
923191
923272
923273
923274
923275
923414
923561
923689
923694
923723
923789
923810
923980
924053
924085
924090
924163
924191
924270
924424
924429
924430
924496
924554
924641
924642
924643
924667
924883
924998
924999
925256
925257
925398
925454
925486
925523
925524
925525
925674
925902
925938
925939
926121
926122
926247
926255
926436
926857
927051
927198
927696
927779
927802
927977
927978
928088
928090
928255
928365
928366
928367
928843
929057
929061
929062
929063
929064
929123
929139
929434
929437
929729
929916
929969
930178
930402
930403
930494
931212
931213
931261
931280
931281
931374
931660
931768
931784
931832
931906
932031
932135
932168
932185
932349
932554
933103
933367
933369
933399
933566
933579
933666
933688
933729
933854
934041
934062
934180
934181
934232
934233
934392
934394
934445
934447
934453
934525
934526
934670
934705
934873
935490
935807
935839
935840
935966
936021
936048
936056
936181
936227
936507
936509
936511
936513
936514
936542
936548
936646
936749
936782
936960
937057
937058
937059
937060
937061
937143
937832
937894
937986
938123
938127
938464
938827
938829
939373
939653
939714
939778
940596
940601
940602
940604
940965
941202
941203
941305
941522
941568
941569
941644
941672
941693
942017
942099
942615
942624
942669
942670
942695
942830
942831
943078
943460
943484
943485
943889
943957
943973
943983
943985
943990
943992
944275
944338
944423
944425
944533
944653
945185
945432
945553
946026
946216
946254
946255
946456
946538
946648
946974
946976
946979
946983
946985
946986
947077
947081
947085
947108
947318
947319
947320
947355
947361
947590
947650
947736
947737
947738
947739
947742
947746
947748
947801
947826
947864
947866
947890
947896
948056
948057
948108
948109
948110
948111
948113
948257
948590
948745
948881
948962
948988
948995
949005
949007
949014
949029
949030
949031
949032
949041
949043
949045
949046
949269
949357
949785
950113
950114
950129
950130
950183
950213
950241
950243
950250
950582
950625
950682
950749
950759
950760
950762
950974
951066
951071
951207
951208
951338
951376
951535
951546
951548
951550
951551
951582
951589
951596
951597
951698
951746
951748
951808
951944
952004
952044
952068
952069
952241
952331
952332
952954
953155
953230
953235
953295
953297
953298
953300
953397
953404
953405
953733
953747
953838
954038
954066
954154
954155
954156
954211
954326
954430
954459
954463
954464
954478
954479
954593
954600
954606
954607
954609
954723
954765
954766
955047
955048
955069
955218
955368
955369
955370
955428
955439
955440
955441
955461
955464
955466
955468
955470
955472
955617
955654
955655
955702
955935
955936
955937
955992
956328
956329
956343
956344
956357
956358
956366
956390
956416
956464
956483
956500
956572
956695
956716
956744
956802
956803
956828
956841
956844
957095
957097
957173
957175
957177
957198
957280
957488
957632
957634
957638
957646
957699
957781
957784
957789
957790
957797
957831
957838
958215
958267
958304
958312
958369
958370
958371
958372
958392
958393
958434
958435
958436
958437
958439
958442
958469
958470
958471
958623
958624
958644
958687
958690
958869
959070
959239
959241
959349
959420
959426
959454
959487
959897
959964
959988
959993
959995
959997
960000
960003
960082
960083
960089
960090
960225
960401
960402
960403
960476
960477
960714
960803
960859
960995
961063
961064
961079
961082
961083
961260
961371
961373
961501
961759
962238
963027
963093
967043
967044
967183
967340
967723
968075
968078
968095
968326
968377
968537
968557
968694
968695
968816
969059
969172
969462
969514
969516
969559
969600
969602
969603
969604
969613
969614
969615
969618
969661
969679
969680
969681
969682
969683
969685
969686
969693
969706
969737
969805
969856
969878
969883
969897
969947
970059
970238
970363
970437
970483
970710
970811
970892
970894
970895
970896
970899
970927
970953
970957
971022
971023
971032
971055
971089
971090
971091
971092
971104
971105
971108
971110
971111
971117
971118
971119
971143
971388
971468
971486
971557
971633
971657
971726
971822
971824
971961
972221
972222
972260
972270
972363
972554
972580
972581
972591
972592
972593
972594
972652
973037
973039
973143
973309
973346
973354
973443
973444
973471
973475
973484
973507
973525
973540
973544
973551
973552
973565
973593
973636
973673
973674
973675
973702
973704
973705
973707
973709
973768
973812
973815
973830
973866
973869
973904
973908
973965
974112
974145
974283
974291
974292
974318
974378
974392
974417
974455
974467
974468
974469
974470
974571
974616
974783
974811
974882
974945
975008
975025
975051
975254
975337
975365
975416
975467
975517
975539
975542
975558
975560
975561
975562
975682
975713
975962
976307
976321
976323
976325
976380
976382
976702
976703
976828
976830
976831
976881
977165
977290
977304
977816
977894
977896
977914
977935
978037
978207
978212
978213
978214
978251
978262
978338
978380
978382
978383
978464
978471
978474
978542
978601
978695
978706
978886
979309
979332
979356
979364
979365
979402
979439
979440
979441
979445
979482
979559
979674
979683
979687
979688
979902
979904
979906
979907
979909
979910
979911
979913
979916
980094
980150
980182
980195
980218
980232
980371
980373
980376
980436
980466
980469
980470
980837
980839
980840
980858
980923
981160
981169
981210
981322
981332
981343
981349
981350
981383
981401
981407
981550
981716
981832
981852
981957
981997
982000
982122
982124
982126
982127
982132
982133
982134
982135
982157
982158
982214
982299
982308
982311
982312
982331
982333
982335
982381
982665
982666
982799
982802
982865
982926
983235
983444
983539
983582
983583
983587
983588
983589
983590
983807
983808
983809
983811
983812
983813
983814
